"Comunicativa";"Amavel";"Dedicada";"Pessimista";"Criativa";"Quieta";"Gentil";"Esforcada";"Deprimida";"Artistica";"Timida";"Simpatica";"Responsavel";"Insegura";"Filosofica";"Desembaracada";"Bondosa";"Organizada";"Ansiosa";"Aventureira";"Inibida";"Compreensiva";"Cuidadosa";"Aborrecida";"Audaciosa";"Idade";"Sexo"
4;2;5;3;5;3;3;4;1;1;1;2;5;1;3;3;3;2;3;5;1;3;3;3;4;35;1
2;5;4;1;5;4;5;5;3;4;4;5;5;4;5;4;5;5;2;2;4;5;5;2;5;32;1
4;4;5;2;4;4;5;5;2;2;3;4;5;3;3;3;4;4;3;2;3;4;5;3;4;39;1
2;3;4;3;3;3;4;4;2;1;3;4;4;2;2;3;3;4;4;2;2;3;3;4;3;23;1
3;2;5;4;4;1;4;3;1;2;4;4;5;2;3;3;2;4;5;4;3;4;3;3;5;18;1
5;5;5;3;5;1;5;5;1;5;1;5;5;1;5;5;5;5;1;5;1;5;5;1;5;53;1
4;4;3;2;4;4;5;4;2;3;3;5;5;4;4;3;5;3;2;2;3;4;4;2;2;26;1
4;2;5;3;4;2;2;5;1;1;2;3;5;3;1;3;3;4;4;3;2;2;5;3;3;26;1
5;5;5;2;5;3;5;5;3;4;3;5;5;4;5;4;4;3;2;5;4;3;4;2;5;24;1
5;5;5;1;4;2;5;5;1;4;2;5;5;2;1;5;5;5;2;2;2;4;4;1;4;30;1
3;3;4;2;2;3;4;4;1;1;3;4;4;2;1;3;4;3;2;2;2;5;5;1;2;25;1
1;3;3;1;4;5;5;4;2;3;5;3;4;4;4;1;4;3;5;1;4;5;4;4;2;40;1
3;3;5;1;5;3;4;5;1;4;2;4;5;3;5;4;3;2;2;4;2;3;2;3;4;31;1
5;5;5;1;5;1;5;4;1;3;3;4;4;1;2;2;4;3;4;3;1;5;3;3;5;24;1
3;4;4;2;4;3;3;5;2;3;3;4;5;3;4;4;4;2;4;2;4;5;4;3;3;30;1
4;3;4;4;2;4;4;1;3;2;3;3;4;1;5;5;5;3;5;3;1;5;3;4;3;40;1
4;5;5;2;4;4;4;5;2;4;3;3;5;3;4;3;5;4;4;4;4;4;3;2;3;27;1
3;4;5;1;2;4;5;5;1;1;3;4;5;2;1;3;5;2;2;4;2;3;3;2;5;28;1
4;4;4;1;4;4;4;4;1;3;4;4;5;1;3;4;4;5;4;4;3;4;4;1;4;45;1
5;4;4;1;5;5;3;4;1;2;2;5;5;2;5;5;5;2;3;3;2;5;5;3;4;28;1
4;4;5;1;4;2;5;5;1;3;1;4;5;1;2;4;5;5;4;2;1;5;5;2;5;32;1
4;5;5;1;3;2;5;5;1;2;1;5;5;3;3;4;5;3;3;4;2;5;5;2;5;32;1
5;5;5;2;5;1;4;5;2;2;1;5;5;3;4;5;4;1;4;4;1;5;3;3;4;29;1
4;3;5;1;5;3;4;5;1;4;3;4;5;2;5;4;4;5;2;4;3;4;4;3;4;27;1
5;5;5;3;4;3;5;4;3;3;3;3;4;5;4;4;4;3;5;5;3;4;4;2;4;27;1
4;4;4;2;3;2;4;4;1;2;2;4;5;3;3;4;4;4;2;4;1;4;4;2;2;35;1
4;3;4;2;4;3;4;4;2;3;3;4;4;4;4;4;3;4;4;3;3;4;4;2;4;26;1
5;5;5;1;5;3;5;5;1;3;3;5;1;3;4;4;5;5;1;4;3;5;4;1;5;27;1
3;3;4;3;3;3;3;4;2;2;4;4;4;2;2;2;4;3;2;3;2;4;4;2;2;28;1
5;3;3;4;2;1;5;3;2;1;2;4;3;1;5;5;4;1;3;2;1;5;4;3;2;22;1
5;5;5;1;5;1;5;5;1;5;1;5;5;1;5;5;5;5;5;5;1;5;5;5;5;27;1
4;3;3;1;3;2;3;2;4;1;2;4;5;2;5;4;4;2;1;3;1;4;3;2;3;28;1
4;4;5;2;5;1;4;5;3;4;2;5;5;2;5;5;5;5;5;5;1;4;4;2;5;29;1
3;5;5;4;5;5;5;5;3;5;5;4;5;5;5;4;5;5;5;3;5;5;5;3;3;30;1
5;4;5;2;4;5;5;5;1;1;5;5;5;3;2;4;3;4;5;3;3;2;4;2;5;33;1
5;4;5;2;4;2;4;5;1;3;2;4;5;2;5;5;4;5;2;4;1;5;2;3;5;33;1
4;5;3;4;4;4;5;3;3;3;5;4;3;5;5;3;5;4;4;2;4;4;4;4;3;26;1
4;3;4;1;4;2;4;4;1;2;2;4;4;2;3;3;5;5;2;2;2;4;4;1;2;29;1
5;5;4;1;4;2;5;4;1;3;2;4;4;1;4;5;3;3;1;3;2;3;4;2;4;52;1
5;3;3;5;3;3;3;2;2;1;2;4;4;2;1;4;5;4;5;4;3;4;4;2;3;41;1
4;4;4;2;5;4;4;4;2;4;3;3;4;3;4;3;4;4;3;4;4;3;4;4;4;49;1
3;4;4;1;4;2;4;5;4;2;5;3;4;4;3;4;4;3;5;3;4;4;5;5;2;42;1
4;4;4;1;4;2;5;5;2;3;2;5;5;2;3;4;5;2;3;2;2;4;4;2;2;49;1
5;5;5;2;5;5;5;5;4;2;4;5;5;4;2;5;5;5;5;5;2;4;4;3;2;29;1
5;4;4;1;3;2;4;4;1;1;1;4;5;2;3;5;4;4;3;5;1;4;5;1;3;55;1
4;4;3;1;4;2;4;4;1;1;5;4;4;2;2;3;4;1;5;4;2;2;2;1;2;53;1
5;4;4;1;4;1;5;5;1;1;1;4;5;1;5;5;1;4;1;4;1;4;4;1;4;29;1
4;4;5;3;3;3;4;5;4;4;1;2;1;2;2;3;1;2;5;4;2;2;2;4;2;39;1
5;5;4;1;4;1;5;4;1;4;1;4;4;1;3;4;4;4;1;3;1;4;4;1;3;47;1
4;3;2;1;4;3;4;3;1;2;2;3;4;2;3;2;4;2;3;5;2;4;3;2;2;25;1
2;2;2;4;3;4;4;2;4;3;4;4;5;4;4;2;4;2;5;2;2;4;4;3;2;55;1
5;5;4;1;5;2;5;4;1;5;1;5;5;1;3;5;5;4;2;5;1;4;4;3;5;26;1
5;5;4;2;4;4;4;3;1;2;5;4;3;2;5;5;4;4;5;4;5;5;5;4;4;47;1
2;4;4;4;2;4;5;4;2;3;4;4;4;2;2;2;5;4;3;2;2;4;3;1;3;27;1
4;4;3;4;4;3;4;3;3;3;2;4;3;4;5;3;3;1;4;4;3;4;3;4;4;25;1
2;4;4;3;5;4;4;3;2;5;4;3;5;2;5;2;4;4;5;1;3;4;4;3;2;26;1
3;4;3;2;3;4;4;3;1;2;3;3;2;4;3;3;4;1;2;2;3;4;3;4;4;24;1
4;4;4;2;4;3;4;5;2;3;3;3;4;3;5;3;5;1;2;5;2;5;4;3;4;21;1
3;5;4;1;3;3;4;4;1;4;4;4;4;2;5;5;5;2;2;5;4;5;3;1;4;30;1
4;3;4;2;3;3;3;4;1;2;3;3;4;3;2;3;3;3;3;2;3;4;4;3;3;53;1
3;5;5;1;3;3;5;4;1;2;3;5;5;5;5;4;5;5;4;4;4;5;5;1;1;27;1
2;2;3;3;4;4;3;4;1;3;4;3;4;2;3;3;3;2;2;4;3;3;4;2;3;34;1
5;3;3;1;4;2;3;3;1;1;2;3;3;2;1;1;4;2;2;2;2;3;2;2;4;23;1
5;4;3;2;3;4;4;3;2;1;1;4;3;1;4;5;3;4;1;2;1;4;3;1;2;31;1
1;3;2;3;4;5;3;1;4;2;5;3;1;5;5;1;3;1;4;1;5;4;3;4;1;23;1
5;4;4;2;5;3;4;4;1;2;3;4;4;4;5;5;5;3;5;5;2;4;4;2;5;33;1
5;5;5;2;5;2;4;5;1;5;2;4;5;5;3;3;4;5;5;2;1;4;4;3;4;29;1
2;3;4;2;3;3;5;4;2;3;3;3;4;3;2;3;4;3;4;5;3;3;4;2;2;27;1
3;3;2;1;5;5;4;5;1;3;3;3;5;1;5;4;4;5;4;3;3;4;4;2;5;63;1
2;2;5;1;3;4;4;5;3;1;2;2;5;1;4;5;4;3;5;4;2;3;4;2;1;21;1
5;5;5;5;5;5;5;5;1;3;1;5;5;1;2;5;5;5;4;4;1;5;1;1;3;60;1
4;3;3;2;1;2;2;3;4;1;2;4;4;5;3;3;3;2;5;2;3;4;3;4;2;23;1
5;4;3;2;2;1;4;4;4;1;1;4;4;2;3;4;5;2;3;3;1;5;5;2;2;47;1
5;5;5;1;5;1;5;5;1;5;1;5;5;1;2;5;5;5;5;2;1;5;5;1;1;25;1
5;5;4;1;5;1;5;4;1;3;1;5;4;2;4;5;5;3;2;3;1;3;3;1;3;29;1
2;5;5;3;5;5;3;5;1;3;5;2;4;5;3;2;3;5;4;3;2;3;3;1;5;25;1
4;5;4;1;4;3;5;4;1;1;4;4;5;2;2;3;4;4;2;2;2;5;3;1;4;30;1
3;4;4;2;3;4;5;4;2;3;3;4;4;3;2;2;3;3;3;1;2;4;4;2;3;27;1
4;3;2;2;3;2;3;2;2;4;2;3;3;3;2;4;4;2;2;4;2;3;4;1;3;21;1
4;4;5;1;3;4;4;4;1;2;2;4;5;1;2;3;4;4;2;3;3;4;5;1;3;35;1
4;4;3;4;3;3;4;3;3;2;2;4;5;3;1;2;4;4;4;4;3;4;4;3;2;25;1
5;5;4;2;5;4;4;3;1;3;2;5;4;4;4;4;4;4;4;4;2;4;5;1;3;29;1
5;5;5;1;5;5;5;5;1;5;4;5;4;1;5;5;5;5;5;5;3;5;5;1;5;36;1
5;3;3;4;5;3;4;2;3;4;1;5;4;3;5;5;3;1;4;1;3;2;1;2;1;34;1
1;1;1;5;1;5;4;1;5;1;5;1;1;5;1;3;1;5;5;1;2;5;4;5;1;19;1
2;2;2;3;5;5;3;3;4;4;5;3;4;5;5;1;3;4;3;4;5;3;3;4;4;19;1
4;4;5;3;4;2;4;5;2;4;3;3;4;3;5;3;4;1;3;5;3;4;3;2;5;21;1
3;3;5;3;5;3;4;5;1;5;3;4;5;2;5;3;4;5;3;4;3;5;5;2;5;28;1
5;5;5;4;5;1;5;5;2;5;1;5;5;1;5;1;5;5;5;5;1;5;5;1;1;18;1
5;4;5;2;3;4;4;4;2;3;4;4;4;3;3;2;4;4;4;4;3;4;3;2;2;23;1
5;2;3;2;3;2;2;3;2;1;1;2;3;1;3;4;3;2;2;2;2;3;3;2;4;33;1
3;4;4;3;2;4;5;5;5;2;3;4;5;3;5;3;4;1;3;2;2;5;5;5;5;25;1
4;3;4;1;3;4;3;4;1;2;3;2;5;1;2;5;5;5;2;5;4;3;4;2;2;31;1
4;4;4;2;5;4;3;5;1;3;2;4;4;2;3;3;4;3;5;4;1;5;4;1;4;25;1
4;4;2;3;2;2;3;4;4;3;3;3;2;4;4;3;3;2;2;2;4;3;3;2;2;29;1
2;3;4;3;4;4;3;4;2;5;5;2;4;4;4;2;5;3;5;3;4;4;4;3;3;30;1
5;4;5;2;5;1;4;4;3;3;1;5;5;4;3;2;5;5;5;5;4;3;2;4;4;24;1
4;5;4;1;4;5;4;4;1;2;2;3;5;1;3;3;5;3;2;3;3;5;5;2;3;27;1
3;3;3;4;4;4;3;2;4;4;3;3;3;4;5;3;4;4;5;2;3;3;3;4;4;18;1
4;4;5;3;4;3;5;5;2;3;2;4;5;2;3;3;4;4;3;1;2;4;5;2;3;24;1
1;3;3;2;2;5;4;4;3;1;5;3;3;3;1;1;4;3;2;2;5;2;2;3;2;36;1
4;3;5;1;3;2;4;5;1;2;3;4;4;2;4;3;3;3;3;2;2;4;4;2;3;25;1
2;5;4;3;3;4;4;3;2;1;4;4;3;4;4;1;4;4;3;4;3;5;3;2;2;26;1
4;2;5;3;5;3;3;5;1;1;1;2;5;1;3;3;4;3;2;2;2;4;4;1;5;36;1
4;2;2;1;4;4;4;3;1;1;2;3;4;4;4;2;3;4;3;4;4;2;3;2;4;28;1
4;3;4;3;4;2;4;4;2;3;2;3;4;2;3;3;4;3;4;3;2;4;4;4;4;33;1
2;4;4;3;3;5;5;4;2;2;4;5;4;2;5;4;5;3;4;4;4;5;4;2;3;26;1
5;5;5;3;4;2;3;4;2;2;2;3;4;5;3;3;3;2;5;4;3;3;3;3;3;19;1
5;3;2;1;4;3;4;2;1;2;3;5;2;1;4;5;4;3;1;5;1;4;3;1;2;19;1
2;3;3;4;5;3;3;4;2;4;3;4;3;5;4;3;4;4;2;3;2;5;4;2;2;27;1
3;4;4;2;3;4;4;4;3;3;4;4;4;4;4;3;4;3;4;4;4;4;4;2;3;26;2
5;5;5;2;3;1;5;5;1;3;1;4;5;2;4;4;4;5;2;4;1;5;4;2;1;25;2
4;4;5;1;4;3;5;5;1;2;4;4;5;2;3;3;5;5;4;3;2;5;5;2;4;27;2
2;5;4;2;2;4;5;4;2;1;2;5;5;4;1;2;5;5;4;1;2;5;5;2;2;26;2
4;3;2;2;4;2;4;2;2;1;2;2;4;3;2;2;4;3;5;3;2;2;4;3;2;28;2
3;3;5;4;4;3;4;5;2;2;3;3;5;3;2;3;4;4;4;3;2;4;4;2;2;23;2
2;4;5;4;3;4;4;4;2;1;3;3;5;2;4;2;4;4;3;4;2;4;4;1;3;22;2
4;4;5;2;1;1;3;5;1;1;1;4;5;2;1;3;4;5;5;2;2;5;4;3;2;24;2
4;5;5;1;4;2;5;5;1;1;3;5;5;4;2;4;4;5;5;3;4;4;5;1;3;58;2
3;5;5;1;4;4;5;5;1;2;2;5;5;1;2;4;4;4;1;2;2;5;5;1;2;42;2
5;4;5;2;4;1;3;5;1;5;2;4;5;3;3;2;5;3;4;4;2;5;5;3;3;37;2
5;4;4;2;5;5;5;5;2;5;5;4;5;3;5;5;4;3;2;2;4;4;5;1;2;20;2
3;5;3;4;2;3;3;3;2;4;3;3;5;2;4;3;4;3;3;3;3;3;3;2;3;23;2
3;4;3;4;2;5;5;3;4;2;3;4;4;2;3;3;4;4;2;1;3;4;4;5;2;31;2
4;4;4;4;4;2;3;4;3;3;1;3;4;4;4;4;3;2;5;3;3;4;3;2;1;19;2
4;5;5;4;4;3;5;5;2;2;3;5;5;4;2;3;5;5;4;2;3;5;5;2;2;38;2
3;3;5;3;2;3;4;5;3;2;3;4;5;5;1;2;3;3;3;1;2;3;3;2;2;25;2
3;4;5;2;2;3;4;5;2;3;3;4;5;2;2;3;4;5;3;2;3;5;5;2;3;24;2
5;5;5;3;2;1;1;5;1;2;1;5;5;4;1;2;5;2;5;2;1;5;4;2;3;24;2
4;5;3;3;2;2;5;4;2;2;3;5;4;3;3;2;5;5;4;3;2;5;4;3;2;25;2
4;5;5;2;3;4;5;5;2;4;4;5;5;5;3;3;5;5;4;3;4;5;5;2;1;20;2
3;3;4;2;5;3;3;4;1;3;2;4;5;2;1;2;2;4;2;3;2;3;4;2;3;23;2
5;5;5;1;5;1;4;5;1;3;1;3;5;3;4;4;3;5;5;4;1;3;3;1;4;31;2
4;4;4;1;3;3;4;4;1;3;1;3;5;2;2;4;3;5;5;5;2;5;5;2;5;30;2
4;4;5;2;5;2;4;5;1;3;2;3;5;2;5;3;4;3;4;4;2;3;5;2;3;36;2
5;4;4;3;4;1;5;5;4;1;2;4;5;4;3;4;4;3;5;2;3;4;4;2;4;30;2
4;3;2;3;5;3;4;5;2;5;1;5;5;2;3;4;5;5;3;4;1;4;5;2;5;27;2
5;5;4;1;3;1;4;4;1;1;1;4;3;2;2;5;4;4;5;3;1;3;3;3;4;26;2
4;4;5;1;4;2;5;4;1;3;2;4;5;1;3;4;3;5;1;2;1;4;5;1;2;48;2
5;4;5;1;4;2;5;5;1;2;2;4;5;2;4;4;5;4;4;5;1;5;5;1;4;24;2
2;3;5;1;5;4;5;5;1;5;3;3;5;4;3;2;4;5;3;5;3;5;5;1;3;28;2
5;4;5;1;4;1;5;5;1;2;1;5;5;1;5;5;5;3;2;3;1;5;4;1;3;45;2
5;5;5;1;3;1;4;5;1;1;1;5;5;3;4;5;5;5;5;5;1;3;5;2;5;21;2
5;3;4;4;3;4;4;4;4;2;2;3;4;3;4;3;3;2;4;3;3;2;3;4;2;54;2
4;4;4;2;3;3;4;4;1;2;3;3;5;2;2;2;3;5;3;2;2;3;3;1;2;23;2
4;4;4;1;3;2;4;4;1;1;2;3;4;3;1;3;4;3;3;2;2;4;4;2;3;27;2
2;5;4;3;1;4;5;4;2;1;3;5;5;3;4;1;4;5;2;1;3;5;4;2;1;27;2
5;4;5;2;5;1;5;5;3;1;1;5;5;3;5;5;5;5;5;5;1;4;5;2;5;39;2
3;5;5;1;2;2;5;4;1;2;3;5;5;2;3;3;5;3;1;1;2;5;5;1;2;50;2
4;2;5;3;3;2;4;5;1;3;3;3;5;4;5;2;4;1;5;2;4;5;2;4;3;23;2
4;4;4;1;2;3;5;3;1;3;2;4;4;2;2;2;3;2;2;2;2;4;4;1;2;21;2
3;4;5;3;4;5;5;5;3;3;5;4;5;5;3;2;5;1;5;4;5;5;5;3;4;18;2
1;2;4;5;4;5;4;4;4;3;5;2;5;5;4;1;3;5;4;2;5;4;4;2;1;24;2
3;4;4;3;2;3;4;4;3;1;4;4;3;5;4;2;4;2;5;3;3;4;4;4;3;32;2
4;3;5;2;3;3;3;5;1;5;1;5;5;3;2;3;3;5;4;2;1;5;5;3;2;26;2
2;5;5;3;2;4;5;4;4;1;3;3;5;3;5;3;5;4;4;4;3;4;5;5;2;39;2
5;5;5;1;5;1;5;5;2;1;5;5;1;5;5;5;5;5;2;5;5;5;5;1;5;52;2
3;3;4;2;3;3;3;4;2;1;2;3;5;3;1;3;3;3;2;4;2;5;5;2;4;30;2
4;2;5;4;3;1;3;5;3;4;1;3;5;2;4;4;3;2;4;4;2;4;4;4;3;31;2
3;3;3;3;1;1;3;3;2;1;2;5;5;5;5;3;3;5;1;3;5;3;3;3;3;22;2
5;3;5;1;5;1;4;5;1;4;1;5;5;1;5;5;4;5;4;3;1;4;5;2;5;26;2
5;3;4;4;5;1;4;4;1;4;1;4;5;1;3;5;3;4;2;3;1;4;4;4;5;55;2
5;4;5;2;3;4;4;4;2;4;3;4;5;3;4;4;4;1;3;2;3;4;4;2;4;42;2
4;2;3;2;2;2;2;3;2;1;1;2;5;2;1;3;2;3;4;1;3;2;3;4;2;28;2
4;2;5;1;4;2;4;5;1;2;2;4;5;4;1;4;4;4;4;1;2;4;4;1;2;28;2
4;3;4;4;2;2;4;4;3;1;2;4;4;4;1;4;4;4;4;4;1;4;4;4;2;33;2
4;5;5;1;5;3;5;5;2;5;3;5;5;4;5;4;5;4;5;5;3;5;5;2;4;31;2
2;4;5;1;3;4;5;5;1;3;2;4;5;1;4;5;4;5;1;4;1;5;5;1;3;29;2
5;5;4;1;4;2;5;4;1;4;2;5;5;2;3;3;5;5;3;3;2;4;4;3;3;27;2
5;5;5;1;5;3;5;5;1;5;1;5;5;1;2;5;5;5;1;3;5;5;5;1;4;47;2
5;4;5;1;2;2;4;5;4;2;3;4;5;4;1;3;5;5;5;2;2;5;3;4;1;26;2
5;5;5;2;3;1;5;5;2;1;2;5;5;2;1;4;5;5;4;2;2;5;5;2;3;25;2
4;4;3;3;3;3;4;3;3;3;3;4;4;3;4;3;4;3;3;2;3;3;4;2;2;46;2
5;5;5;3;3;5;5;5;1;3;5;5;3;3;4;5;5;5;5;5;5;5;5;2;2;26;2
5;5;4;1;2;3;4;4;2;1;2;5;4;4;4;2;5;3;4;4;3;5;5;1;3;28;2
2;4;4;1;3;4;5;5;1;2;4;4;5;2;1;3;4;4;3;4;3;5;5;1;3;38;2
4;3;4;4;3;2;4;4;2;2;2;4;4;3;2;4;4;4;4;2;4;4;4;3;4;36;2
4;4;5;3;3;3;5;5;1;1;5;5;5;2;1;5;5;3;5;4;3;3;5;1;2;30;2
4;4;5;2;3;3;4;5;1;3;2;4;5;3;3;4;4;5;2;2;2;4;5;2;4;28;2
4;4;5;2;4;2;4;5;2;2;2;4;5;2;4;4;4;4;2;4;2;4;4;2;4;29;2
5;4;4;2;3;1;4;4;2;3;1;4;5;3;4;4;5;2;4;2;2;4;4;1;3;28;2
4;4;4;2;4;2;4;5;1;2;3;4;4;4;3;2;3;3;5;2;3;4;3;2;3;34;2
5;3;4;3;3;3;3;5;2;1;3;4;4;4;3;3;4;3;4;3;2;2;3;2;3;37;2
3;4;5;4;3;2;4;5;2;1;1;5;5;3;2;3;5;5;3;2;2;5;5;2;3;42;2
3;5;4;3;5;5;5;4;4;4;4;4;5;1;2;2;5;5;4;4;4;5;4;4;4;48;2
2;4;3;2;3;4;4;3;2;3;4;4;3;5;5;3;4;3;5;2;4;5;5;3;3;25;2
3;4;3;3;3;4;5;4;4;3;5;4;4;3;2;4;3;5;3;4;4;4;3;3;3;20;2
4;4;4;1;4;2;5;5;3;4;3;5;5;4;5;4;5;5;5;5;4;5;5;4;3;33;2
2;2;1;2;4;2;3;1;3;4;2;2;1;2;4;4;2;2;1;1;2;3;3;2;4;22;2
4;4;4;2;3;4;4;4;3;4;2;4;4;3;4;4;4;2;5;1;3;5;4;3;2;28;2
4;4;5;2;4;2;3;4;2;4;3;3;4;3;2;4;3;4;3;2;2;4;4;3;2;34;2
2;2;4;2;1;5;4;5;1;5;4;2;5;5;3;3;2;3;5;1;3;3;4;3;3;32;2
4;2;3;2;3;2;3;3;3;2;2;4;3;2;4;4;4;3;5;4;2;4;3;4;4;30;2
4;3;5;1;4;2;4;5;1;3;2;4;5;2;4;3;3;5;4;5;2;4;4;2;4;26;2
5;5;5;2;1;4;5;5;1;1;3;5;5;2;2;2;4;4;3;3;3;4;5;1;1;36;2
2;3;3;4;2;4;3;3;5;1;3;2;4;4;3;2;4;2;3;1;4;2;2;5;1;44;2
4;4;4;2;3;4;4;4;1;3;3;4;5;3;3;3;4;5;2;3;3;4;4;2;3;30;2
3;3;4;3;2;3;4;4;2;2;2;3;5;1;1;3;3;5;4;4;2;3;4;3;3;31;2
5;5;5;1;5;1;5;5;1;4;1;5;5;1;1;5;5;5;1;3;1;5;5;1;4;63;2
4;4;4;2;4;3;4;4;2;3;3;4;3;3;4;3;4;3;3;4;3;4;3;2;3;30;2
3;4;4;3;2;5;5;4;1;1;4;4;5;3;1;2;4;4;4;4;4;5;5;2;3;27;2
4;4;4;2;4;2;5;5;2;3;2;5;5;4;2;3;4;4;4;2;3;4;4;3;3;30;2
2;2;4;2;2;2;2;4;2;2;4;4;4;3;5;3;4;4;4;4;3;5;3;1;3;47;2
5;4;3;1;4;1;4;3;1;2;2;5;4;1;1;5;3;4;3;2;1;2;4;2;1;31;2
4;3;5;2;3;2;4;5;1;1;1;4;5;3;5;4;4;4;3;5;2;5;5;2;3;38;2
4;5;4;4;3;3;4;3;3;2;2;4;3;5;4;2;4;2;5;2;3;5;5;4;3;27;2
3;5;5;2;2;5;5;5;1;1;4;4;5;4;1;2;3;4;4;2;2;4;4;2;2;24;2
5;4;4;3;2;1;4;4;3;2;2;4;4;3;1;3;3;4;5;4;1;3;3;3;3;24;2
3;4;5;2;2;4;5;5;2;4;5;5;5;3;3;1;5;5;3;3;4;5;5;2;2;24;2
4;3;3;4;2;1;3;2;3;4;2;4;4;5;2;2;3;4;4;3;3;3;3;3;2;20;2
5;5;5;2;3;3;5;5;2;2;3;5;5;4;4;3;4;5;5;4;3;4;4;2;4;31;2
5;3;3;2;4;3;4;3;2;4;2;4;2;3;4;5;4;2;3;2;2;3;3;4;4;28;2
5;4;5;1;5;3;5;5;1;3;3;4;5;1;4;5;5;5;3;1;5;5;5;1;5;54;2
5;5;5;1;4;2;5;5;1;2;1;3;5;2;3;5;4;5;2;3;1;4;5;1;3;35;2
3;3;4;2;3;3;3;4;1;2;3;3;5;2;3;3;2;3;3;2;3;3;3;2;2;32;2
4;5;3;1;3;2;3;2;1;3;2;4;3;5;5;4;3;3;3;4;2;5;3;2;2;19;2
3;3;5;2;5;3;3;5;1;2;3;4;5;4;3;3;4;5;5;1;3;4;5;2;4;26;2
4;4;5;2;3;2;5;5;1;2;2;4;5;2;4;3;4;4;2;3;3;4;4;1;5;24;2
5;5;3;3;3;2;5;3;4;2;2;5;3;5;1;4;4;1;5;1;2;5;3;2;2;31;2
1;3;4;3;2;4;3;5;3;1;5;2;5;3;3;3;4;3;3;2;5;5;3;4;3;28;2
3;4;5;1;4;2;4;5;3;2;4;4;5;4;2;2;5;5;4;5;3;4;5;2;2;32;2
3;3;4;1;3;3;4;4;1;2;2;5;5;2;2;4;4;5;3;2;4;3;4;2;1;48;2
5;5;5;1;3;2;4;5;1;3;2;4;5;2;3;4;4;3;1;3;1;4;3;1;2;33;2
5;5;5;1;4;3;5;4;1;1;1;4;5;1;4;4;5;3;1;3;1;4;5;1;4;44;2
3;5;5;2;4;4;5;5;2;2;3;5;5;3;5;3;5;5;3;2;3;5;5;3;5;36;2
2;4;5;1;2;3;5;5;2;2;3;4;5;3;3;3;5;5;3;3;3;5;4;2;2;49;2
2;5;4;3;5;5;3;3;1;2;5;5;3;3;3;3;4;5;5;1;1;3;4;3;3;25;2
5;5;5;1;5;2;5;5;1;5;2;5;5;1;4;4;5;5;4;5;5;5;5;2;2;34;2
4;4;5;5;5;4;4;5;1;2;2;3;5;2;2;3;5;5;4;2;3;3;5;3;5;51;2
4;4;4;2;2;4;4;5;2;1;4;4;5;2;2;4;4;5;2;1;2;4;4;2;3;45;2
5;4;4;1;5;1;4;5;1;2;1;4;5;2;2;4;4;4;3;3;1;4;4;2;4;43;2
4;3;4;3;3;2;3;4;4;2;3;3;5;3;3;4;4;4;4;2;2;4;4;3;2;42;2
5;5;5;4;5;5;5;5;4;5;5;5;5;4;4;5;5;4;4;1;4;5;5;2;4;63;2
5;4;4;3;3;2;4;4;3;4;1;5;5;2;4;5;4;3;5;2;5;4;3;3;1;48;2
5;4;4;3;3;2;4;4;2;4;2;5;5;3;2;3;3;5;4;2;3;4;5;2;2;26;2
4;5;4;3;5;5;5;3;4;5;4;5;4;5;4;3;4;3;4;2;4;4;4;3;3;45;2
3;4;4;4;2;3;4;3;2;1;3;4;4;4;2;3;4;4;3;2;2;4;4;3;2;28;2
5;1;2;5;2;1;3;3;2;1;1;3;4;4;1;4;3;1;3;3;4;3;3;1;1;33;2
1;5;4;1;1;5;5;1;5;1;5;5;5;5;1;1;5;5;5;1;5;5;5;1;1;35;2
4;3;3;2;4;2;4;4;1;2;4;4;4;3;2;2;3;3;3;2;3;4;5;2;3;31;2
5;5;5;1;4;1;3;5;1;3;2;4;5;3;3;3;4;2;4;4;2;3;2;2;4;28;2
3;1;4;5;4;4;3;4;5;1;4;4;4;5;1;1;3;1;5;2;1;1;3;4;2;26;2
5;5;4;1;3;2;4;5;1;3;2;4;5;3;1;4;4;5;3;5;1;4;5;3;4;26;2
5;5;5;2;5;2;5;5;2;4;1;5;5;1;3;5;5;5;5;3;1;5;4;2;5;52;2
2;4;5;2;4;5;4;5;2;5;5;3;5;3;1;1;4;4;4;2;4;4;2;3;2;48;2
4;4;5;1;4;1;4;5;1;3;3;4;5;1;3;3;4;4;2;2;2;4;4;2;3;55;2
5;5;5;1;3;1;5;5;1;1;1;5;5;1;2;5;3;5;2;2;1;3;5;2;3;27;2
5;4;5;2;5;2;5;5;2;2;3;5;5;1;2;4;5;5;5;1;2;4;4;1;3;49;2
5;4;4;1;5;3;5;4;2;5;2;4;5;2;5;3;3;4;3;4;2;4;4;3;3;58;2
3;4;5;3;4;4;4;4;2;2;4;4;5;5;3;3;3;4;3;1;3;3;3;3;2;26;2
2;4;3;2;2;5;5;4;4;1;4;4;4;5;1;1;4;3;5;3;4;4;4;3;3;25;2
5;3;5;3;3;2;4;5;2;1;2;3;5;2;4;5;3;5;4;1;3;3;5;2;4;43;2
4;3;5;2;3;3;5;5;2;3;4;4;5;3;2;1;5;4;3;1;3;3;5;3;2;19;2
2;1;1;4;2;2;1;1;4;1;2;2;1;4;3;3;1;3;3;4;3;2;1;4;3;38;2
5;5;5;1;5;3;5;5;1;5;1;5;5;1;3;5;5;5;1;5;1;5;5;1;5;38;2
4;3;5;3;3;2;3;5;3;3;2;3;5;3;3;3;3;3;4;2;2;3;4;2;2;31;2
3;3;4;1;3;4;4;5;1;4;3;3;5;1;3;3;4;4;2;2;3;3;5;2;4;52;2
5;5;5;1;5;1;5;5;1;2;5;4;5;1;3;5;5;4;2;4;1;5;5;1;5;54;2
5;5;5;1;5;2;4;5;2;4;2;4;5;2;2;4;4;4;2;4;2;4;4;2;4;47;2
4;3;4;3;2;4;4;4;1;1;3;3;5;4;1;4;3;4;5;2;4;3;3;3;2;42;2
4;3;4;1;5;1;3;4;1;2;2;4;4;2;4;3;3;3;3;4;2;4;5;2;5;41;2
4;4;4;2;4;2;4;4;1;2;2;4;4;3;2;3;4;3;2;1;2;4;4;2;3;43;2
5;5;5;2;4;2;4;4;2;3;2;3;5;1;5;3;5;5;3;2;2;5;5;2;1;53;2
4;4;5;4;4;3;5;5;1;3;3;4;5;3;2;3;4;4;3;3;3;4;4;2;3;34;2
3;4;3;4;4;4;5;4;4;2;4;5;4;2;2;3;5;5;2;4;3;5;5;1;5;52;2
5;3;5;1;4;1;4;5;1;4;1;5;5;1;4;5;5;3;1;5;1;4;5;1;1;54;2
3;3;5;1;2;4;3;5;2;1;2;3;4;2;1;3;4;2;1;3;3;5;5;2;2;31;2
5;4;4;1;1;1;3;2;1;1;1;3;3;2;1;2;3;5;3;2;2;3;4;5;3;30;2
4;3;4;1;5;3;3;3;1;2;3;3;5;1;1;5;3;4;4;3;2;3;4;1;3;49;2
4;4;4;1;3;3;4;3;2;2;3;4;4;2;3;3;3;2;2;2;2;3;3;2;2;53;2
5;4;5;1;4;2;4;5;2;4;3;4;5;2;5;2;4;3;5;5;2;5;5;2;4;39;2
5;5;5;1;3;3;5;5;1;1;4;5;5;1;3;5;3;2;1;1;1;3;5;1;1;58;2
5;4;4;2;3;2;3;5;3;3;3;3;5;4;1;2;3;3;5;2;3;4;4;4;3;32;2
3;4;5;3;2;3;5;4;2;1;2;4;5;3;3;2;4;4;5;4;3;5;4;2;3;58;2
5;4;4;2;5;2;4;4;1;3;1;4;5;2;3;4;4;4;2;5;1;3;3;2;4;32;2
5;5;5;2;5;1;5;5;2;5;1;5;5;1;5;5;5;5;5;2;1;5;5;2;4;59;2
4;5;4;2;2;5;5;4;2;3;4;5;5;4;4;3;4;5;2;2;3;3;4;1;2;39;2
4;4;3;2;1;3;4;4;2;1;2;3;5;4;2;2;4;4;5;1;3;2;4;3;3;45;2
4;4;5;1;4;3;4;3;1;3;2;4;5;2;4;3;4;4;1;3;3;5;5;1;3;33;2
3;4;4;2;3;2;4;4;1;3;2;4;4;2;2;3;4;3;3;2;2;4;3;2;3;27;2
3;3;3;4;4;3;3;4;4;3;4;2;5;5;5;2;2;4;4;4;4;3;2;4;5;35;2
4;5;5;4;3;2;4;5;3;1;2;4;5;3;1;1;5;3;4;3;2;3;3;3;2;52;2
4;3;5;1;4;4;4;5;2;1;1;3;5;3;5;3;3;5;5;3;3;4;5;2;3;46;2
5;4;4;2;5;1;2;4;1;4;2;3;4;2;2;3;3;3;3;3;2;3;4;2;3;42;2
5;5;5;3;3;1;4;5;1;1;1;4;5;4;1;4;4;5;5;3;1;4;5;3;3;26;2
4;3;4;1;5;1;3;5;1;5;2;3;5;2;4;4;3;5;2;2;3;4;4;2;3;46;2
4;4;5;2;3;3;4;5;4;1;5;3;5;4;3;2;4;4;5;2;4;4;4;3;1;49;2
3;4;5;1;4;5;5;5;5;3;5;4;5;5;4;4;4;4;5;3;5;4;5;3;3;33;2
5;5;5;3;4;2;5;5;2;2;2;5;5;4;3;3;4;4;4;1;1;4;4;1;3;46;2
4;3;5;2;5;3;4;5;2;2;3;2;5;3;1;5;2;5;2;1;1;4;5;1;3;55;2
4;5;5;2;2;3;5;5;1;1;3;4;5;3;1;2;5;5;4;2;2;4;5;2;2;18;2
3;3;4;3;3;3;3;4;2;2;2;3;4;2;4;3;3;2;3;2;2;4;4;2;3;34;2
5;5;5;5;2;1;5;5;5;1;3;5;5;5;1;1;1;1;5;1;1;2;1;4;1;31;2
5;4;4;1;5;2;4;5;1;5;1;4;5;1;3;5;4;5;2;4;1;4;4;1;5;33;2
3;4;4;3;3;4;4;4;2;4;5;5;5;2;1;1;4;4;4;2;5;4;5;1;1;35;2
5;5;5;3;4;3;5;5;2;4;2;5;5;3;5;5;5;4;2;5;1;4;5;4;5;30;2
5;4;3;2;2;1;4;3;5;1;5;4;4;1;1;5;4;1;5;3;1;3;3;3;2;35;2
5;3;4;2;5;1;4;4;2;4;3;3;5;1;1;3;5;3;4;4;2;3;3;2;3;25;2
5;5;5;4;5;5;5;5;1;4;4;4;5;3;4;4;5;5;3;3;3;4;5;3;4;46;2
3;4;4;2;4;3;3;4;2;3;3;4;4;3;3;3;3;4;3;2;2;4;4;2;3;30;2
5;4;3;1;5;1;3;4;1;5;2;4;4;3;1;4;4;3;5;5;1;3;2;2;5;44;2
5;5;5;3;4;4;5;5;2;4;4;5;5;4;4;4;4;5;5;5;4;4;4;3;4;20;2
5;5;5;3;3;5;5;5;3;3;3;3;3;3;3;3;3;3;3;3;3;3;3;3;3;27;2
5;5;5;1;5;1;5;5;1;5;1;5;5;1;4;5;5;5;1;4;1;5;5;1;4;38;2
4;4;4;2;3;4;4;4;2;2;3;4;4;2;2;4;4;4;3;3;3;4;4;3;3;32;2
5;4;5;3;5;1;3;4;1;5;1;5;4;4;3;4;3;3;4;5;1;4;3;2;4;34;2
5;5;5;1;5;4;5;5;1;3;4;5;5;2;5;5;4;4;2;4;3;5;5;2;4;57;2
3;5;5;2;2;4;4;5;1;1;2;5;5;2;1;3;3;3;2;1;1;3;5;1;2;26;2
3;3;5;3;3;3;4;4;4;3;4;4;5;4;3;3;3;5;5;4;2;4;4;3;3;31;2
4;4;5;1;4;2;4;5;2;4;4;4;5;1;4;5;5;5;2;4;2;5;5;1;1;59;2
4;3;5;1;4;2;5;5;2;3;4;4;5;4;3;3;4;2;4;5;2;4;4;2;3;27;2
5;4;3;2;4;3;4;4;2;4;1;4;4;4;5;4;4;4;4;4;2;5;4;2;4;53;2
5;5;5;1;5;2;5;4;1;4;3;5;5;3;4;1;5;2;1;1;2;5;4;1;1;49;2
4;5;5;2;4;2;5;5;1;3;2;5;5;1;3;4;4;4;3;2;2;5;5;2;3;31;2
3;3;4;2;3;3;2;4;2;3;2;2;5;4;2;3;3;3;4;4;2;3;4;2;4;56;2
4;4;4;2;3;2;3;4;4;2;2;4;4;3;4;3;4;3;5;4;3;4;3;2;2;48;2
4;4;4;3;2;4;4;4;1;1;5;5;5;5;1;1;5;5;5;2;5;4;4;4;4;30;2
5;3;3;1;2;2;3;3;1;1;2;4;4;3;2;4;4;2;4;4;2;4;3;2;4;37;2
5;5;5;2;4;2;4;4;3;4;2;4;4;3;3;3;5;2;5;5;2;4;3;2;4;39;2
4;5;4;1;4;2;5;5;1;2;2;5;5;2;2;4;5;4;2;5;2;5;5;1;5;47;2
3;3;3;3;3;3;3;3;1;3;3;3;3;1;3;3;3;3;2;3;3;3;3;3;3;29;2
3;4;4;4;4;4;3;4;4;3;4;3;4;4;4;3;4;4;4;2;4;4;4;4;4;42;2
5;3;5;5;5;3;5;5;5;5;2;5;5;5;5;5;3;5;5;2;1;4;5;5;3;42;2
3;3;5;2;3;2;3;5;2;3;3;3;5;4;2;3;3;3;3;3;3;3;3;3;3;25;2
3;5;5;3;3;5;5;3;5;3;4;5;5;5;3;2;5;3;5;2;5;5;5;5;2;53;2
3;4;4;3;4;4;4;4;4;2;3;3;3;5;5;3;5;3;5;4;4;5;5;4;4;38;2
2;2;5;5;3;5;3;5;5;1;2;2;5;2;5;4;3;4;4;3;5;3;4;4;2;50;2
3;5;5;1;4;3;5;5;2;2;2;5;5;4;1;3;5;5;2;2;2;5;5;2;2;51;2
2;4;4;1;2;3;4;4;1;1;3;4;5;3;2;2;4;4;3;4;2;4;4;1;3;29;2
5;5;5;1;5;1;5;5;1;1;5;1;5;1;1;5;1;5;5;5;1;5;5;5;5;26;2
5;5;5;4;5;5;5;5;5;5;5;5;5;5;5;5;5;5;5;5;5;5;5;5;5;35;2
3;3;3;3;3;3;3;3;3;3;3;3;3;3;3;3;3;3;3;3;3;3;3;3;3;36;2
1;4;5;2;5;5;5;5;2;4;5;4;5;5;2;1;5;5;5;4;5;5;5;3;3;31;2
5;5;5;1;5;1;5;5;1;2;1;5;5;1;2;2;5;5;3;5;2;5;5;1;1;24;2
2;1;4;5;1;1;1;5;4;1;1;1;5;3;5;2;1;3;5;1;3;1;3;5;1;41;2
4;5;4;1;5;3;4;3;1;2;3;3;5;3;3;4;5;3;3;3;3;4;4;4;4;25;2
3;4;3;2;3;3;3;3;3;3;2;4;4;2;4;3;4;1;4;4;3;3;3;4;2;20;2
3;4;4;3;3;5;5;5;2;4;4;4;5;4;5;3;5;2;5;2;3;4;5;3;3;34;2
5;3;4;1;3;1;3;2;1;2;3;3;5;1;1;4;3;4;2;1;3;3;3;2;3;29;2
1;4;5;3;3;5;4;5;3;1;3;2;5;3;5;2;4;4;4;4;3;4;5;1;3;22;2
3;4;4;1;3;3;3;4;2;4;3;4;5;4;2;1;3;4;4;2;3;4;4;1;1;23;2
2;3;2;4;3;3;3;2;3;2;4;4;2;5;3;2;4;2;4;5;4;4;4;4;4;22;2
3;5;5;2;3;4;5;5;2;3;4;5;5;4;2;4;5;5;1;1;4;5;5;1;2;25;2
4;4;4;4;4;2;3;5;1;3;4;3;5;4;3;2;4;2;5;2;4;3;3;4;3;24;2
5;4;4;1;5;1;4;5;4;3;2;2;5;5;5;3;5;4;5;2;2;2;3;3;3;20;2
4;4;4;2;3;2;4;4;1;5;3;4;5;3;3;2;3;3;2;2;2;4;5;1;3;22;2
5;4;5;1;5;2;4;5;2;3;3;4;5;3;2;3;5;4;2;2;4;3;3;2;3;52;2
4;4;3;1;4;4;4;3;2;1;3;4;4;3;3;3;4;2;3;3;2;4;4;2;3;24;2
5;5;4;2;4;3;5;4;1;5;2;5;5;5;5;4;4;4;3;3;1;4;4;1;3;24;2
3;4;5;2;4;4;3;5;2;4;3;3;5;3;2;2;4;4;4;2;3;4;4;3;3;23;2
5;5;5;1;3;3;5;5;1;3;2;5;5;2;4;4;5;4;1;3;1;5;4;1;3;33;2
2;2;3;3;3;3;3;3;4;3;5;1;3;5;4;1;4;1;5;3;5;1;2;5;3;30;2
5;4;5;1;3;2;5;5;1;1;4;4;5;2;1;4;4;4;2;3;2;4;4;2;3;32;2
5;5;5;3;3;1;5;5;5;5;1;5;5;5;3;5;5;5;5;3;1;5;5;5;1;49;2
5;5;5;1;4;1;3;4;1;1;1;5;5;2;2;5;4;5;3;4;1;4;4;1;4;44;2
4;5;5;2;5;3;4;4;1;5;2;4;5;3;2;3;4;5;3;2;1;4;5;1;2;27;2
1;2;2;5;4;5;5;4;5;5;5;3;4;5;5;3;3;3;5;5;5;4;4;5;4;35;2
5;4;3;2;2;2;3;3;2;3;2;5;3;2;3;4;3;2;4;4;3;4;4;2;5;27;2
4;4;4;2;3;3;4;4;1;3;3;3;4;3;3;4;4;4;3;4;3;4;4;2;3;30;2
5;3;3;2;4;3;5;4;2;2;2;4;4;2;5;5;5;2;3;1;2;5;2;4;3;28;2
5;4;3;2;2;3;4;4;1;1;2;3;3;3;4;4;3;4;5;2;2;4;3;3;2;22;2
4;2;5;2;3;2;5;5;1;1;2;5;5;2;2;4;5;4;3;2;2;4;4;2;1;32;2
5;5;5;1;3;3;4;5;1;3;4;4;5;1;2;4;4;4;1;1;3;5;5;1;2;64;2
4;4;5;1;3;3;4;5;3;4;3;4;5;5;5;4;5;4;5;4;3;4;4;3;3;41;2
5;4;5;3;4;2;4;5;1;1;3;3;5;4;1;1;3;5;4;4;4;3;5;2;3;23;2
5;5;4;1;5;2;4;5;1;4;2;5;5;2;3;4;5;4;1;2;2;4;4;2;3;56;2
5;4;5;1;5;3;4;4;1;4;3;4;3;2;3;3;4;2;3;3;2;3;2;1;3;27;2
5;4;5;2;5;1;4;5;1;4;2;5;5;2;3;5;3;4;4;4;5;4;3;2;5;33;2
3;3;4;3;4;4;4;4;2;4;3;3;4;3;4;2;4;3;5;4;4;3;3;2;4;32;2
4;4;4;1;4;2;4;4;1;3;2;4;5;1;4;4;4;5;2;3;1;4;5;1;3;49;2
5;5;5;1;4;5;5;5;1;3;1;5;5;4;4;5;5;5;4;1;1;4;5;5;4;58;2
5;5;5;1;5;4;5;5;1;4;3;4;5;3;5;4;3;4;4;4;2;4;5;3;4;30;2
5;4;4;3;4;2;5;5;2;3;1;5;5;1;2;4;4;2;3;4;1;4;4;1;4;32;2
4;4;3;3;3;3;4;3;1;3;2;4;4;2;2;3;4;3;2;1;1;4;3;1;1;23;2
4;5;5;1;3;3;5;4;1;4;3;5;5;2;3;3;4;4;2;5;1;5;4;1;3;32;2
5;4;5;2;2;1;4;5;2;1;1;5;4;2;3;4;3;3;3;4;2;5;3;2;3;32;2
4;4;4;2;2;3;4;4;2;1;3;4;5;3;4;3;4;4;4;4;2;3;4;1;2;32;2
3;4;3;5;3;3;4;3;5;3;4;5;5;5;2;2;4;3;5;5;4;5;4;5;3;28;2
5;5;5;1;5;3;5;5;1;4;3;5;5;2;5;4;5;5;2;4;2;5;5;1;4;28;2
3;5;5;2;3;4;5;4;2;1;4;5;5;3;3;3;5;5;5;3;3;5;5;3;3;24;2
2;4;5;4;2;5;4;5;1;2;5;5;5;5;1;3;5;5;5;4;5;4;4;1;3;27;2
4;4;5;1;4;4;4;5;1;4;4;4;5;4;2;4;5;5;2;4;2;5;5;2;3;42;2
4;4;3;2;4;2;4;4;1;4;2;4;5;4;3;3;4;3;3;5;3;4;5;2;1;49;2
1;2;3;2;3;1;2;4;3;3;5;3;4;4;4;1;2;4;5;4;5;2;4;4;2;31;2
3;4;5;1;2;3;4;5;1;2;3;4;5;3;3;3;4;3;3;2;3;4;5;2;3;56;2
3;3;3;1;5;5;5;5;3;4;2;2;4;5;3;2;2;3;5;2;2;2;5;5;2;46;2
5;4;2;1;2;1;4;4;3;4;2;5;3;4;4;4;5;3;5;3;2;4;3;4;4;41;2
5;3;5;2;5;2;4;5;2;4;2;4;5;2;3;4;4;5;3;4;1;4;5;2;5;39;2
4;4;5;2;5;5;4;5;2;5;3;4;5;3;5;3;4;4;4;1;3;5;4;4;1;31;2
1;2;4;5;2;5;4;4;3;3;3;1;5;5;1;3;4;4;5;4;4;4;4;4;4;21;2
2;4;2;3;4;5;5;3;3;3;5;4;2;5;5;1;5;2;3;5;5;5;4;3;3;30;2
5;3;5;3;5;2;5;5;2;5;1;5;5;1;1;3;4;3;5;3;4;3;4;2;3;34;2
5;3;4;2;2;2;3;4;2;1;1;4;5;3;2;2;2;2;4;1;1;3;4;3;2;27;2
5;3;5;1;5;1;2;5;1;4;4;4;5;4;4;4;5;5;5;1;1;2;5;1;1;43;2
5;5;5;1;5;1;5;5;2;5;1;5;5;2;5;5;5;4;2;5;1;5;5;1;4;49;2
4;4;5;2;5;2;4;5;2;5;2;3;5;3;3;4;4;4;3;5;4;4;4;3;4;52;2
3;4;4;2;4;2;4;5;2;4;2;4;4;2;5;3;4;3;4;2;2;5;5;2;4;31;2
5;2;1;3;5;2;3;2;4;5;1;2;4;3;4;5;3;1;2;4;1;3;5;3;5;47;2
4;5;5;2;3;3;5;5;1;2;2;5;5;4;4;4;5;3;3;4;3;4;4;2;4;31;2
1;3;3;4;5;5;5;1;3;4;5;3;4;5;5;1;4;2;3;4;5;4;4;4;2;27;2
5;5;5;1;4;2;4;5;1;3;1;5;5;2;5;5;4;2;4;5;1;5;3;1;3;25;2
5;5;5;1;5;2;5;5;1;1;1;5;5;1;2;5;5;5;1;5;1;5;5;1;5;39;2
5;4;4;1;1;2;4;5;1;1;2;4;5;4;2;3;4;5;2;2;1;4;4;3;2;40;2
2;4;3;4;4;5;5;3;4;4;4;3;5;5;4;2;3;4;5;1;4;4;3;4;2;42;2
2;1;4;4;4;4;2;3;2;1;4;2;4;4;3;2;1;2;4;2;3;3;3;4;3;22;2
3;4;5;2;2;3;4;4;2;3;2;3;3;2;1;2;4;2;3;4;2;4;2;3;3;22;2
5;5;5;1;5;1;5;5;1;5;2;5;4;3;4;5;5;4;4;4;2;4;5;2;5;23;2
5;4;5;2;5;1;4;4;1;2;1;5;5;1;4;1;5;5;1;2;1;5;5;1;4;28;2
5;2;3;5;2;2;4;3;4;1;1;4;5;3;1;4;4;2;3;2;1;3;3;4;2;32;2
4;5;5;2;2;3;5;5;2;1;3;4;5;5;2;3;4;2;5;2;3;5;5;2;3;28;2
3;4;5;1;3;4;5;5;2;2;3;3;5;2;3;3;5;3;4;3;3;5;5;2;4;55;2
2;2;3;5;4;4;3;3;4;1;4;3;4;5;1;2;3;3;5;3;5;3;3;4;2;34;2
5;4;4;3;4;2;3;5;1;2;2;4;5;1;2;4;4;3;2;4;2;4;4;2;3;43;2
4;5;5;1;4;3;5;3;3;5;3;4;3;5;2;4;5;1;5;4;1;5;4;3;2;35;2
5;4;5;1;5;3;4;5;1;4;4;4;5;4;3;4;4;5;3;3;1;4;4;2;4;56;2
5;3;5;3;3;2;3;4;3;1;2;4;5;2;5;5;5;5;5;3;2;5;5;4;4;29;2
3;4;4;2;3;5;5;5;2;3;4;4;3;3;2;2;4;3;3;2;3;5;5;3;2;27;2
2;2;4;5;1;5;5;4;4;1;5;2;5;3;3;3;5;5;5;3;5;5;5;3;3;24;2
4;4;5;2;4;4;4;5;1;2;3;4;5;3;2;2;5;4;4;2;2;5;4;4;2;25;2
3;3;3;4;2;4;4;3;3;2;4;4;4;4;2;3;4;3;3;3;3;4;4;3;3;18;2
3;4;4;1;4;5;5;5;1;3;5;5;5;3;3;3;5;4;3;4;3;4;4;2;1;29;2
4;2;5;3;3;1;3;5;1;4;1;4;5;2;4;3;4;4;3;1;1;2;3;2;2;23;2
4;4;4;3;3;3;3;4;4;2;4;4;2;4;3;2;4;3;4;3;3;4;4;4;3;24;2
3;4;4;1;3;4;4;4;1;3;5;3;4;2;1;4;3;4;5;3;4;4;4;2;1;21;2
2;3;3;1;2;4;3;3;5;1;3;3;3;5;4;2;3;3;2;2;4;4;3;1;2;28;2
4;4;4;2;2;3;4;3;2;2;3;4;4;4;3;2;4;3;5;4;3;5;5;2;2;23;2
5;4;4;2;3;1;4;5;1;2;2;4;5;3;4;4;4;2;2;1;2;3;4;1;2;28;2
3;3;3;4;3;4;3;3;4;4;3;2;4;5;3;3;3;3;5;4;3;2;3;4;3;18;2
4;2;2;3;4;4;3;3;4;3;2;3;3;3;3;2;3;2;5;4;2;2;2;4;2;25;2
4;4;4;4;4;2;4;5;2;3;2;3;5;4;3;3;4;4;4;3;3;4;4;3;4;38;2
5;4;5;3;5;1;2;4;2;1;2;3;5;3;5;5;3;4;2;1;1;3;2;2;1;26;2
1;2;3;3;3;5;4;3;5;4;5;1;4;5;4;1;4;5;5;5;4;4;4;4;2;30;2
3;5;5;3;3;2;5;5;2;2;5;5;5;4;1;3;5;5;3;1;5;5;5;1;1;42;2
5;4;4;1;5;3;4;4;2;3;1;4;5;1;3;5;5;3;3;2;1;5;5;2;2;53;2
3;3;4;2;3;4;3;5;3;3;4;4;4;3;3;3;3;4;5;4;4;4;4;4;4;24;2
4;3;4;2;5;1;3;4;2;4;2;2;5;3;1;5;3;5;3;4;4;2;3;4;4;30;2
4;4;4;4;4;5;5;4;2;4;5;4;5;5;5;1;4;3;5;1;4;3;4;4;2;24;2
3;3;3;3;4;4;4;4;4;4;4;4;4;4;4;3;4;2;4;2;4;4;4;4;2;31;2
4;4;4;1;4;4;4;4;1;3;4;4;4;3;2;3;4;4;4;4;4;4;4;3;3;32;2
